'cmd':0 0 8 128 128 128 128, 'duration':0.8475327491760254
'cmd':0 4 8 128 128 128 128, 'duration':0.08104395866394043
'cmd':0 0 8 128 128 128 128, 'duration':0.5506224632263184
'cmd':0 0 4 128 128 128 128, 'duration':0.08007240295410156
'cmd':0 0 8 128 128 128 128, 'duration':0.05605149269104004
'cmd':0 0 4 128 128 128 128, 'duration':0.10309314727783203
'cmd':0 0 8 128 128 128 128, 'duration':0.08007264137268066
'cmd':0 0 4 128 128 128 128, 'duration':0.09708833694458008
'cmd':0 0 8 128 128 128 128, 'duration':0.07106447219848633
'cmd':0 0 4 128 128 128 128, 'duration':0.06405830383300781
'cmd':0 0 8 128 128 128 128, 'duration':0.38434934616088867
'cmd':0 4 8 128 128 128 128, 'duration':0.05605053901672363
'cmd':0 0 8 128 128 128 128, 'duration':1.0249314308166504
'cmd':0 0 0 128 128 128 128, 'duration':0.11910796165466309
'cmd':0 0 8 128 128 128 128, 'duration':0.12011075019836426
'cmd':0 4 8 128 128 128 128, 'duration':0.056050777435302734
'cmd':0 0 8 128 128 128 128, 'duration':1.4883508682250977
'cmd':0 4 8 128 128 128 128, 'duration':0.08207488059997559
'cmd':0 0 8 128 128 128 128, 'duration':0.821746826171875
'cmd':0 0 2 128 128 128 128, 'duration':0.09608817100524902
'cmd':0 0 8 128 128 128 128, 'duration':0.16014409065246582
'cmd':0 4 8 128 128 128 128, 'duration':0.10609698295593262
'cmd':0 0 8 128 128 128 128, 'duration':0.5334982872009277
'cmd':0 0 0 128 128 128 128, 'duration':0.08005928993225098
'cmd':0 0 8 128 128 128 128, 'duration':0.08007240295410156
'cmd':0 0 0 128 128 128 128, 'duration':0.08007264137268066
'cmd':0 0 8 128 128 128 128, 'duration':0.3443129062652588
'cmd':0 4 8 128 128 128 128, 'duration':0.08207535743713379
'cmd':0 0 8 128 128 128 128, 'duration':1.021928310394287
'cmd':0 0 0 128 128 128 128, 'duration':0.11961698532104492
'cmd':0 0 8 128 128 128 128, 'duration':0.1521451473236084
'cmd':0 4 8 128 128 128 128, 'duration':0.056054115295410156
'cmd':0 0 8 128 128 128 128, 'duration':1.4887378215789795
'cmd':0 4 8 128 128 128 128, 'duration':0.08007526397705078
'cmd':0 0 8 128 128 128 128, 'duration':0.5355029106140137
'cmd':0 0 2 128 128 128 128, 'duration':0.09608983993530273
'cmd':0 0 8 128 128 128 128, 'duration':0.09609079360961914
'cmd':0 4 8 128 128 128 128, 'duration':0.10409736633300781
'cmd':0 0 8 128 128 128 128, 'duration':0.4333968162536621
'cmd':0 0 0 128 128 128 128, 'duration':0.07807087898254395
'cmd':0 0 8 128 128 128 128, 'duration':0.08808660507202148
'cmd':0 0 0 128 128 128 128, 'duration':0.12010312080383301
'cmd':0 0 8 128 128 128 128, 'duration':0.25623273849487305
'cmd':0 4 8 128 128 128 128, 'duration':0.09008193016052246
'cmd':0 0 8 128 128 128 128, 'duration':0.9018185138702393
'cmd':0 0 0 128 128 128 128, 'duration':0.1040947437286377
'cmd':0 0 8 128 128 128 128, 'duration':0.12811660766601562
'cmd':0 4 8 128 128 128 128, 'duration':0.09608745574951172
'cmd':0 0 8 128 128 128 128, 'duration':1.5203816890716553
'cmd':0 4 8 128 128 128 128, 'duration':0.08007335662841797
'cmd':0 0 8 128 128 128 128, 'duration':0.4003627300262451
'cmd':0 0 2 128 128 128 128, 'duration':0.10309410095214844
'cmd':0 0 8 128 128 128 128, 'duration':0.12010836601257324
'cmd':0 4 8 128 128 128 128, 'duration':0.08007311820983887
'cmd':0 0 8 128 128 128 128, 'duration':0.35232043266296387
'cmd':0 0 0 128 128 128 128, 'duration':0.08007359504699707
'cmd':0 0 8 128 128 128 128, 'duration':0.08007144927978516
'cmd':0 0 0 128 128 128 128, 'duration':0.12111043930053711
'cmd':0 0 8 128 128 128 128, 'duration':0.1901721954345703
'cmd':0 4 8 128 128 128 128, 'duration':0.08007287979125977
'cmd':0 0 8 128 128 128 128, 'duration':0.9288449287414551
'cmd':0 0 0 128 128 128 128, 'duration':0.12010884284973145
'cmd':0 0 8 128 128 128 128, 'duration':0.09708762168884277
'cmd':0 4 8 128 128 128 128, 'duration':0.09508681297302246
'cmd':0 0 8 128 128 128 128, 'duration':1.2401924133300781
'cmd':0 4 8 128 128 128 128, 'duration':0.08109259605407715
'cmd':0 0 8 128 128 128 128, 'duration':0.36731457710266113
'cmd':0 0 2 128 128 128 128, 'duration':0.11910772323608398
'cmd':0 0 8 128 128 128 128, 'duration':0.10409426689147949
'cmd':0 4 8 128 128 128 128, 'duration':0.09608769416809082
'cmd':0 0 8 128 128 128 128, 'duration':0.3203439712524414
'cmd':0 0 0 128 128 128 128, 'duration':0.07998991012573242
'cmd':0 0 8 128 128 128 128, 'duration':0.06405854225158691
'cmd':0 0 0 128 128 128 128, 'duration':0.11911201477050781
'cmd':0 0 8 128 128 128 128, 'duration':0.2642083168029785
'cmd':0 4 8 128 128 128 128, 'duration':0.08307790756225586
'cmd':0 0 8 128 128 128 128, 'duration':0.9729878902435303
'cmd':0 0 0 128 128 128 128, 'duration':0.09608745574951172
'cmd':0 0 8 128 128 128 128, 'duration':0.08808040618896484
'cmd':0 4 8 128 128 128 128, 'duration':0.10409402847290039
'cmd':0 0 8 128 128 128 128, 'duration':1.4403088092803955
'cmd':0 4 8 128 128 128 128, 'duration':0.08109140396118164
'cmd':0 0 8 128 128 128 128, 'duration':0.4003462791442871
'cmd':0 0 2 128 128 128 128, 'duration':0.07807087898254395
'cmd':0 0 8 128 128 128 128, 'duration':0.12211108207702637
'cmd':0 4 8 128 128 128 128, 'duration':0.10209298133850098
'cmd':0 0 8 128 128 128 128, 'duration':0.4083707332611084
'cmd':0 0 0 128 128 128 128, 'duration':0.06405878067016602
'cmd':0 0 8 128 128 128 128, 'duration':0.08807921409606934
'cmd':0 0 0 128 128 128 128, 'duration':0.12010979652404785
'cmd':0 0 8 128 128 128 128, 'duration':0.23321199417114258
'cmd':0 4 8 128 128 128 128, 'duration':0.07806992530822754
'cmd':0 0 8 128 128 128 128, 'duration':1.3292088508605957
'cmd':0 0 0 128 128 128 128, 'duration':0.10309243202209473
'cmd':0 0 8 128 128 128 128, 'duration':0.10709786415100098
'cmd':0 4 8 128 128 128 128, 'duration':0.09308433532714844
'cmd':0 0 8 128 128 128 128, 'duration':1.4898624420166016
'cmd':0 4 8 128 128 128 128, 'duration':0.07840752601623535
'cmd':0 0 8 128 128 128 128, 'duration':0.5124239921569824
'cmd':0 0 6 128 128 128 128, 'duration':0.08007216453552246
'cmd':0 0 8 128 128 128 128, 'duration':0.056050777435302734
'cmd':0 0 6 128 128 128 128, 'duration':0.09608793258666992
'cmd':0 0 8 128 128 128 128, 'duration':0.047042131423950195
'cmd':0 0 6 128 128 128 128, 'duration':0.10509562492370605
'cmd':0 0 8 128 128 128 128, 'duration':0.06305694580078125
'cmd':0 0 6 128 128 128 128, 'duration':0.08007335662841797
'cmd':0 0 8 128 128 128 128, 'duration':0.07306623458862305
'cmd':0 0 6 128 128 128 128, 'duration':0.06305718421936035
'cmd':0 0 8 128 128 128 128, 'duration':0.4163780212402344
'cmd':0 0 4 128 128 128 128, 'duration':0.1198725700378418
'cmd':0 0 8 128 128 128 128, 'duration':0.4163780212402344
