'cmd':0 0 8 128 128 128 128, 'duration':1.231982946395874
'cmd':0 0 8 255 128 128 128, 'duration':0.35628390312194824
'cmd':0 0 8 128 128 128 128, 'duration':0.14393281936645508
'cmd':0 0 8 128 255 128 128, 'duration':1.48777437210083
'cmd':0 0 8 128 128 128 128, 'duration':3.1240086555480957
'cmd':0 8 8 128 128 128 128, 'duration':0.0960090160369873
'cmd':0 0 8 128 128 128 128, 'duration':1.776280403137207
'cmd':0 4 8 128 128 128 128, 'duration':0.12782955169677734
'cmd':0 0 8 128 128 128 128, 'duration':2.3159732818603516
'cmd':0 0 8 128 255 128 128, 'duration':0.1479935646057129
'cmd':0 0 8 128 128 128 128, 'duration':0.24032163619995117
'cmd':0 4 8 128 128 128 128, 'duration':0.11568641662597656
'cmd':0 0 8 128 128 128 128, 'duration':0.5401754379272461
'cmd':0 4 8 128 128 128 128, 'duration':0.11181926727294922
'cmd':0 0 8 128 128 128 128, 'duration':10.772625207901001
'cmd':0 0 8 128 128 255 128, 'duration':0.85 
'cmd':0 0 8 128 128 128 128, 'duration':0.2989845275878906
'cmd':0 0 8 128 128 128 128, 'duration':0.34799885749816895
'cmd':0 0 8 128 1 128 128, 'duration':0.9320430183410645
'cmd':1 0 8 128 1 128 128, 'duration':0.09296464920043945
'cmd':0 0 8 128 1 128 128, 'duration':2.545990467071533
'cmd':0 0 8 128 1 128 128, 'duration':0.06800450134277344
'cmd':0 0 8 128 1 128 128, 'duration':2.0334599018096924
'cmd':0 0 8 128 128 128 128, 'duration':0.17822694778442383
'cmd':0 4 8 128 128 128 128, 'duration':0.10916399955749512
'cmd':0 0 8 128 128 128 128, 'duration':0.43326902389526367
'cmd':0 4 8 128 128 128 128, 'duration':0.10910677909851074
'cmd':0 0 8 128 128 128 128, 'duration':0.30063319206237793
'cmd':0 4 8 128 128 128 128, 'duration':0.15044283866882324
'cmd':0 0 8 128 128 128 128, 'duration':1.6637043952941895
'cmd':0 4 8 128 128 128 128, 'duration':0.0849466323852539
'cmd':0 0 8 128 128 128 128, 'duration':2.712339401245117
'cmd':16 0 8 128 128 128 128, 'duration':0.10818219184875488
'cmd':0 0 8 128 128 128 128, 'duration':0.9199166297912598
'cmd':0 0 8 128 255 128 128, 'duration':0.12842082977294922
'cmd':0 0 8 128 128 128 128, 'duration':0.10753870010375977
'cmd':0 0 8 255 128 128 128, 'duration':0.6430966854095459
'cmd':0 0 8 128 128 128 128, 'duration':0.06128549575805664
'cmd':0 0 8 1 128 128 128, 'duration':0.1
'cmd':0 0 8 128 128 128 128, 'duration':0.09099078178405762
'cmd':0 4 8 128 128 128 128, 'duration':0.10501289367675781
'cmd':0 0 8 128 128 128 128, 'duration':0.30698275566101074
'cmd':0 0 8 128 255 128 128, 'duration':1.7944612503051758
'cmd':0 0 8 128 128 128 128, 'duration':0.16762113571166992
'cmd':0 0 8 255 128 128 128, 'duration':0.11208868026733398
'cmd':0 0 8 128 128 128 128, 'duration':0.09577465057373047
'cmd':0 0 8 128 255 128 128, 'duration':0.5322744846343994
'cmd':0 0 8 128 128 128 128, 'duration':0.28746819496154785
'cmd':0 4 8 128 128 128 128, 'duration':0.12342667579650879
'cmd':0 0 8 128 128 128 128, 'duration':0.5387091636657715
'cmd':0 0 8 128 255 128 128, 'duration':0.09749484062194824
'cmd':0 0 8 128 128 128 128, 'duration':0.08170008659362793
'cmd':0 0 8 128 255 128 128, 'duration':0.11710572242736816
'cmd':0 0 8 128 128 128 128, 'duration':0.13820290565490723
'cmd':0 4 8 128 128 128 128, 'duration':0.12222790718078613
'cmd':0 0 8 128 128 128 128, 'duration':0.30208706855773926
'cmd':0 0 8 255 128 128 128, 'duration':0.1004798412322998
'cmd':0 0 8 128 128 128 128, 'duration':0.10828709602355957
'cmd':0 0 8 255 128 128 128, 'duration':0.0652463436126709
'cmd':0 0 8 128 128 128 128, 'duration':0.4087662696838379
'cmd':0 0 8 128 1 128 128, 'duration':0.14899849891662598
'cmd':0 0 8 128 128 128 128, 'duration':0.25200366973876953
'cmd':0 4 8 128 128 128 128, 'duration':0.08899569511413574
'cmd':0 0 8 128 128 128 128, 'duration':0.07800626754760742
'cmd':0 4 8 128 128 128 128, 'duration':0.09901237487792969
'cmd':0 0 8 128 128 128 128, 'duration':0.056984901428222656
'cmd':0 4 8 128 128 128 128, 'duration':0.08900141716003418
'cmd':0 0 8 128 128 128 128, 'duration':0.06002306938171387
'cmd':0 4 8 128 128 128 128, 'duration':0.11028885841369629
'cmd':0 0 8 128 128 128 128, 'duration':0.5691494941711426
'cmd':16 0 8 128 128 128 128, 'duration':0.13621211051940918
'cmd':0 0 8 128 128 128 128, 'duration':0.8396551609039307
'cmd':16 0 8 128 128 128 128, 'duration':0.15186548233032227
'cmd':0 0 8 128 128 128 128, 'duration':1.5053179264068604
'cmd':0 2 8 128 128 128 128, 'duration':0.13692736625671387
'cmd':0 0 8 128 128 128 128, 'duration':0.7918834686279297
'cmd':0 4 8 128 128 128 128, 'duration':0.10260558128356934
'cmd':0 0 8 128 128 128 128, 'duration':4.983144283294678
'cmd':0 8 8 128 128 128 128, 'duration':0.12102365493774414
'cmd':0 0 8 128 128 128 128, 'duration':0.7474985122680664
'cmd':0 4 8 128 128 128 128, 'duration':0.10030198097229004
'cmd':0 0 8 128 128 128 128, 'duration':2.2908709049224854
'cmd':0 0 8 128 1 128 128, 'duration':0.18
'cmd':0 0 8 128 128 128 128, 'duration':0.27367639541625977
'cmd':0 4 8 128 128 128 128, 'duration':0.11481761932373047
'cmd':0 0 8 128 128 128 128, 'duration':0.5575323104858398
'cmd':0 4 8 128 128 128 128, 'duration':0.10053300857543945
'cmd':0 0 8 128 128 128 128, 'duration':11.26662540435791
'cmd':1 0 8 128 128 128 128, 'duration':0.11900138854980469
'cmd':0 0 8 128 128 128 128, 'duration':0.442216157913208
'cmd':0 0 8 128 1 128 128, 'duration':1.8006880283355713
'cmd':0 0 8 128 128 128 128, 'duration':1.3317699432373047
'cmd':0 0 8 128 1 128 128, 'duration':0.940157413482666
'cmd':0 0 8 128 128 128 128, 'duration':0.23840808868408203
'cmd':0 0 8 1 128 128 128, 'duration':0.3774278163909912
'cmd':0 0 8 128 128 128 128, 'duration':0.221085786819458
'cmd':0 4 8 128 128 128 128, 'duration':0.1362929344177246
'cmd':0 0 8 128 128 128 128, 'duration':0.4219226837158203
'cmd':0 4 8 128 128 128 128, 'duration':0.13030743598937988
'cmd':0 0 8 128 128 128 128, 'duration':0.7568018436431885
'cmd':0 0 8 128 255 128 128, 'duration':0.11531710624694824
'cmd':0 0 8 128 128 128 128, 'duration':0.06999850273132324
'cmd':0 0 8 128 255 128 128, 'duration':0.1493091583251953
'cmd':0 0 8 128 128 128 128, 'duration':0.14377856254577637
'cmd':0 4 8 128 128 128 128, 'duration':0.12750005722045898
'cmd':0 0 8 128 128 128 128, 'duration':3.1935126781463623
'cmd':0 4 8 128 128 128 128, 'duration':0.11640501022338867
'cmd':0 0 8 128 128 128 128, 'duration':0.6479747295379639
'cmd':0 4 8 128 128 128 128, 'duration':0.0842733383178711
'cmd':0 0 8 128 128 128 128, 'duration':1.8217272758483887
'cmd':0 2 8 128 128 128 128, 'duration':0.08582854270935059
'cmd':0 0 8 128 128 128 128, 'duration':0.07388472557067871
'cmd':0 2 8 128 128 128 128, 'duration':0.08697390556335449
'cmd':0 0 8 128 128 128 128, 'duration':0.06203579902648926
'cmd':0 2 8 128 128 128 128, 'duration':0.0933675765991211
'cmd':0 0 8 128 128 128 128, 'duration':0.061031341552734375
'cmd':0 2 8 128 128 128 128, 'duration':0.08030223846435547
'cmd':0 0 8 128 128 128 128, 'duration':0.08365583419799805
'cmd':0 2 8 128 128 128 128, 'duration':0.06511116027832031
'cmd':0 0 8 128 128 128 128, 'duration':0.06528902053833008
'cmd':0 2 8 128 128 128 128, 'duration':0.08458590507507324
'cmd':0 0 8 128 128 128 128, 'duration':0.07015538215637207
'cmd':0 2 8 128 128 128 128, 'duration':0.08829331398010254
'cmd':0 0 8 128 128 128 128, 'duration':0.29229283332824707
'cmd':0 4 8 128 128 128 128, 'duration':0.08443188667297363
'cmd':0 0 8 128 128 128 128, 'duration':0.08403706550598145
'cmd':0 4 8 128 128 128 128, 'duration':0.06827855110168457
'cmd':0 0 8 128 128 128 128, 'duration':0.08393526077270508
'cmd':0 4 8 128 128 128 128, 'duration':0.06235361099243164
'cmd':0 0 8 128 128 128 128, 'duration':0.07896256446838379
'cmd':0 4 8 128 128 128 128, 'duration':0.06400060653686523
'cmd':0 0 8 128 128 128 128, 'duration':0.0749962329864502
'cmd':0 4 8 128 128 128 128, 'duration':0.07100296020507812
'cmd':0 0 8 128 128 128 128, 'duration':0.0760049819946289
'cmd':0 4 8 128 128 128 128, 'duration':0.0789952278137207
'cmd':0 0 8 128 128 128 128, 'duration':0.0749979019165039
'cmd':0 4 8 128 128 128 128, 'duration':0.0720067024230957
'cmd':0 0 8 128 128 128 128, 'duration':0.0789937973022461
'cmd':0 4 8 128 128 128 128, 'duration':0.07200026512145996
'cmd':0 0 8 128 128 128 128, 'duration':0.08400106430053711
'cmd':0 4 8 128 128 128 128, 'duration':0.07537627220153809
'cmd':0 0 8 128 128 128 128, 'duration':0.06591987609863281
'cmd':0 4 8 128 128 128 128, 'duration':0.08773303031921387
'cmd':0 0 8 128 128 128 128, 'duration':4.5114312171936035
'cmd':0 2 8 128 128 128 128, 'duration':0.10653901100158691
'cmd':0 0 8 128 128 128 128, 'duration':0.08861923217773438
'cmd':0 2 8 128 128 128 128, 'duration':0.07997775077819824
'cmd':0 0 8 128 128 128 128, 'duration':0.08300662040710449
'cmd':0 2 8 128 128 128 128, 'duration':0.09599566459655762
'cmd':0 0 8 128 128 128 128, 'duration':0.0760354995727539
'cmd':0 2 8 128 128 128 128, 'duration':0.08496284484863281
'cmd':0 0 8 128 128 128 128, 'duration':0.08400106430053711
'cmd':0 2 8 128 128 128 128, 'duration':0.08700442314147949
'cmd':0 0 8 128 128 128 128, 'duration':0.08499574661254883
'cmd':0 2 8 128 128 128 128, 'duration':0.08401370048522949
'cmd':0 0 8 128 128 128 128, 'duration':0.07798600196838379
'cmd':0 2 8 128 128 128 128, 'duration':0.07700371742248535
'cmd':0 0 8 128 128 128 128, 'duration':0.0982968807220459
'cmd':0 2 8 128 128 128 128, 'duration':0.07288503646850586
'cmd':0 0 8 128 128 128 128, 'duration':0.07954025268554688
'cmd':0 2 8 128 128 128 128, 'duration':0.09071707725524902
'cmd':0 0 8 128 128 128 128, 'duration':0.08102869987487793
'cmd':0 2 8 128 128 128 128, 'duration':0.07496762275695801
'cmd':0 0 8 128 128 128 128, 'duration':0.09622859954833984
'cmd':0 2 8 128 128 128 128, 'duration':0.07434463500976562
'cmd':0 0 8 128 128 128 128, 'duration':0.08527684211730957
'cmd':0 2 8 128 128 128 128, 'duration':0.08091163635253906
'cmd':0 0 8 128 128 128 128, 'duration':0.10053253173828125
'cmd':0 2 8 128 128 128 128, 'duration':0.07224893569946289
'cmd':0 0 8 128 128 128 128, 'duration':0.09179162979125977
'cmd':0 2 8 128 128 128 128, 'duration':0.08575725555419922
'cmd':0 0 8 128 128 128 128, 'duration':0.07345438003540039
'cmd':0 2 8 128 128 128 128, 'duration':0.0947263240814209
'cmd':0 0 8 128 128 128 128, 'duration':0.0800168514251709
'cmd':0 2 8 128 128 128 128, 'duration':0.08769536018371582
'cmd':0 0 8 128 128 128 128, 'duration':0.06920385360717773
'cmd':0 2 8 128 128 128 128, 'duration':0.09128808975219727
'cmd':0 0 8 128 128 128 128, 'duration':0.08239483833312988
'cmd':0 2 8 128 128 128 128, 'duration':0.08483457565307617
'cmd':0 0 8 128 128 128 128, 'duration':0.08284425735473633
'cmd':0 2 8 128 128 128 128, 'duration':0.10634994506835938
'cmd':0 0 8 128 128 128 128, 'duration':0.0662527084350586
'cmd':0 2 8 128 128 128 128, 'duration':0.08631467819213867
'cmd':0 0 8 128 128 128 128, 'duration':0.08179259300231934
'cmd':0 2 8 128 128 128 128, 'duration':0.08702921867370605
'cmd':0 0 8 128 128 128 128, 'duration':0.07600092887878418
'cmd':0 2 8 128 128 128 128, 'duration':0.07751178741455078
'cmd':0 0 8 128 128 128 128, 'duration':0.08680415153503418
'cmd':0 2 8 128 128 128 128, 'duration':0.07230138778686523
'cmd':0 0 8 128 128 128 128, 'duration':0.09418344497680664
'cmd':0 2 8 128 128 128 128, 'duration':0.07228994369506836
'cmd':0 0 8 128 128 128 128, 'duration':0.07793140411376953
'cmd':0 2 8 128 128 128 128, 'duration':0.11096477508544922
'cmd':0 0 8 128 128 128 128, 'duration':0.05766654014587402
'cmd':0 2 8 128 128 128 128, 'duration':0.07502889633178711
'cmd':0 0 8 128 128 128 128, 'duration':0.08003377914428711
'cmd':0 2 8 128 128 128 128, 'duration':0.0819389820098877
'cmd':0 0 8 128 128 128 128, 'duration':0.08133411407470703
'cmd':0 2 8 128 128 128 128, 'duration':0.08737015724182129
'cmd':0 0 8 128 128 128 128, 'duration':0.07535958290100098
'cmd':0 2 8 128 128 128 128, 'duration':0.07879161834716797
'cmd':0 0 8 128 128 128 128, 'duration':0.09422802925109863
'cmd':0 2 8 128 128 128 128, 'duration':0.06999635696411133
'cmd':0 0 8 128 128 128 128, 'duration':0.09697794914245605
'cmd':0 2 8 128 128 128 128, 'duration':0.08495092391967773
'cmd':0 0 8 128 128 128 128, 'duration':0.06728863716125488
'cmd':0 2 8 128 128 128 128, 'duration':0.08701705932617188
'cmd':0 0 8 128 128 128 128, 'duration':0.0748751163482666
'cmd':0 2 8 128 128 128 128, 'duration':0.0981597900390625
'cmd':0 0 8 128 128 128 128, 'duration':0.0749514102935791
'cmd':0 2 8 128 128 128 128, 'duration':0.09342098236083984
'cmd':0 0 8 128 128 128 128, 'duration':0.07604861259460449
'cmd':0 2 8 128 128 128 128, 'duration':0.09398555755615234
'cmd':0 0 8 128 128 128 128, 'duration':0.07988190650939941
'cmd':0 2 8 128 128 128 128, 'duration':0.09323644638061523
'cmd':0 0 8 128 128 128 128, 'duration':0.07648324966430664
'cmd':0 2 8 128 128 128 128, 'duration':0.09485387802124023
'cmd':0 0 8 128 128 128 128, 'duration':0.07559394836425781
'cmd':0 2 8 128 128 128 128, 'duration':0.08756709098815918
'cmd':0 0 8 128 128 128 128, 'duration':0.08246326446533203
'cmd':0 2 8 128 128 128 128, 'duration':0.08768510818481445
'cmd':0 0 8 128 128 128 128, 'duration':0.08041620254516602
'cmd':0 2 8 128 128 128 128, 'duration':0.08704471588134766
'cmd':0 0 8 128 128 128 128, 'duration':0.08242511749267578
'cmd':0 2 8 128 128 128 128, 'duration':0.08491802215576172
'cmd':0 0 8 128 128 128 128, 'duration':0.08554577827453613
'cmd':0 2 8 128 128 128 128, 'duration':0.08611512184143066
'cmd':0 0 8 128 128 128 128, 'duration':0.07962322235107422
'cmd':0 2 8 128 128 128 128, 'duration':0.09801316261291504
'cmd':0 0 8 128 128 128 128, 'duration':0.07994413375854492
'cmd':0 2 8 128 128 128 128, 'duration':0.10497593879699707
'cmd':0 0 8 128 128 128 128, 'duration':0.49184393882751465
'cmd':0 2 8 128 128 128 128, 'duration':0.10564160346984863
'cmd':0 0 8 128 128 128 128, 'duration':0.07186031341552734
'cmd':0 2 8 128 128 128 128, 'duration':0.10582900047302246
'cmd':0 0 8 128 128 128 128, 'duration':1.0127074718475342
'cmd':0 4 8 128 128 128 128, 'duration':0.09047269821166992
'cmd':0 0 8 128 128 128 128, 'duration':0.9955229759216309
'cmd':0 4 8 128 128 128 128, 'duration':0.13483881950378418
'cmd':0 0 8 128 128 128 128, 'duration':0.7449898719787598
'cmd':0 4 8 128 128 128 128, 'duration':0.10717296600341797
'cmd':0 0 8 128 128 128 128, 'duration':1.7649617195129395
'cmd':0 8 8 128 128 128 128, 'duration':0.08641862869262695
'cmd':0 0 8 128 128 128 128, 'duration':0.8639247417449951
'cmd':0 2 8 128 128 128 128, 'duration':0.08555817604064941
'cmd':0 0 8 128 128 128 128, 'duration':2.081082820892334
'cmd':0 4 8 128 128 128 128, 'duration':0.0914306640625
'cmd':0 0 8 128 128 128 128, 'duration':1.1206188201904297
'cmd':0 4 8 128 128 128 128, 'duration':0.08998751640319824
'cmd':0 0 8 128 128 128 128, 'duration':1.484788417816162
'cmd':0 4 8 128 128 128 128, 'duration':0.08599615097045898
'cmd':0 0 8 128 128 128 128, 'duration':0.07581663131713867
'cmd':0 4 8 128 128 128 128, 'duration':0.06928849220275879
'cmd':0 0 8 128 128 128 128, 'duration':0.06905722618103027
'cmd':0 4 8 128 128 128 128, 'duration':0.07131075859069824
'cmd':0 0 8 128 128 128 128, 'duration':0.07210803031921387
'cmd':0 4 8 128 128 128 128, 'duration':0.07251524925231934
'cmd':0 0 8 128 128 128 128, 'duration':0.07434415817260742
'cmd':0 4 8 128 128 128 128, 'duration':0.07177114486694336
'cmd':0 0 8 128 128 128 128, 'duration':0.06803774833679199
'cmd':0 4 8 128 128 128 128, 'duration':0.07357311248779297
'cmd':0 0 8 128 128 128 128, 'duration':0.07000184059143066
'cmd':0 4 8 128 128 128 128, 'duration':0.07353615760803223
'cmd':0 0 8 128 128 128 128, 'duration':0.08046603202819824
'cmd':0 4 8 128 128 128 128, 'duration':0.061983346939086914
'cmd':0 0 8 128 128 128 128, 'duration':0.06632113456726074
'cmd':0 4 8 128 128 128 128, 'duration':0.07631731033325195
'cmd':0 0 8 128 128 128 128, 'duration':0.06398272514343262
'cmd':0 4 8 128 128 128 128, 'duration':0.08659696578979492
'cmd':0 0 8 128 128 128 128, 'duration':0.06731033325195312
'cmd':0 4 8 128 128 128 128, 'duration':0.08549213409423828
'cmd':0 0 8 128 128 128 128, 'duration':0.0722196102142334
'cmd':0 4 8 128 128 128 128, 'duration':0.07459807395935059
'cmd':0 0 8 128 128 128 128, 'duration':0.07646369934082031
'cmd':0 4 8 128 128 128 128, 'duration':0.06598567962646484
'cmd':0 0 8 128 128 128 128, 'duration':0.06999564170837402
'cmd':0 4 8 128 128 128 128, 'duration':0.06798458099365234
'cmd':0 0 8 128 128 128 128, 'duration':0.06599950790405273
'cmd':0 4 8 128 128 128 128, 'duration':0.07103323936462402
'cmd':0 0 8 128 128 128 128, 'duration':0.07397103309631348
'cmd':0 4 8 128 128 128 128, 'duration':0.07899713516235352
'cmd':0 0 8 128 128 128 128, 'duration':0.07500123977661133
'cmd':0 4 8 128 128 128 128, 'duration':0.10299968719482422
'cmd':0 0 8 128 128 128 128, 'duration':5.026501893997192
'cmd':0 2 8 128 128 128 128, 'duration':0.0656743049621582
'cmd':0 0 8 128 128 128 128, 'duration':0.4899907112121582
'cmd':0 2 8 128 128 128 128, 'duration':0.06400108337402344
'cmd':0 0 8 128 128 128 128, 'duration':0.08201074600219727
'cmd':0 2 8 128 128 128 128, 'duration':0.09100770950317383
'cmd':0 0 8 128 128 128 128, 'duration':0.06098008155822754
'cmd':0 2 8 128 128 128 128, 'duration':0.0969994068145752
'cmd':0 0 8 128 128 128 128, 'duration':0.03641986846923828
'cmd':0 2 8 128 128 128 128, 'duration':0.09814858436584473
'cmd':0 0 8 128 128 128 128, 'duration':0.08807682991027832
'cmd':0 2 8 128 128 128 128, 'duration':0.08026623725891113
'cmd':0 0 8 128 128 128 128, 'duration':0.6616883277893066
'cmd':0 2 8 128 128 128 128, 'duration':0.09465718269348145
'cmd':0 0 8 128 128 128 128, 'duration':0.06953930854797363
'cmd':0 2 8 128 128 128 128, 'duration':0.0867166519165039
'cmd':0 0 8 128 128 128 128, 'duration':0.08558869361877441
'cmd':0 2 8 128 128 128 128, 'duration':0.07590270042419434
'cmd':0 0 8 128 128 128 128, 'duration':0.06938767433166504
'cmd':0 2 8 128 128 128 128, 'duration':0.09300804138183594
'cmd':0 0 8 128 128 128 128, 'duration':0.06384992599487305
'cmd':0 2 8 128 128 128 128, 'duration':0.0819098949432373
'cmd':0 0 8 128 128 128 128, 'duration':0.06024909019470215
'cmd':0 2 8 128 128 128 128, 'duration':0.09077858924865723
'cmd':0 0 8 128 128 128 128, 'duration':0.07044816017150879
'cmd':0 2 8 128 128 128 128, 'duration':0.0782783031463623
'cmd':0 0 8 128 128 128 128, 'duration':0.07256913185119629
'cmd':0 2 8 128 128 128 128, 'duration':0.08778882026672363
'cmd':0 0 8 128 128 128 128, 'duration':0.06468558311462402
'cmd':0 2 8 128 128 128 128, 'duration':0.08524250984191895
'cmd':0 0 8 128 128 128 128, 'duration':0.06123828887939453
'cmd':0 2 8 128 128 128 128, 'duration':0.07280373573303223
'cmd':0 0 8 128 128 128 128, 'duration':0.07290863990783691
'cmd':0 2 8 128 128 128 128, 'duration':0.07967329025268555
'cmd':0 0 8 128 128 128 128, 'duration':0.07105469703674316
'cmd':0 2 8 128 128 128 128, 'duration':0.0696413516998291
'cmd':0 0 8 128 128 128 128, 'duration':0.07451367378234863
'cmd':0 2 8 128 128 128 128, 'duration':0.06529664993286133
'cmd':0 0 8 128 128 128 128, 'duration':0.06862258911132812
'cmd':0 2 8 128 128 128 128, 'duration':0.09144043922424316
'cmd':0 0 8 128 128 128 128, 'duration':1.2183709144592285
'cmd':0 4 8 128 128 128 128, 'duration':0.11982440948486328
'cmd':0 0 8 128 128 128 128, 'duration':0.514404296875
'cmd':0 4 8 128 128 128 128, 'duration':0.10594940185546875
'cmd':0 0 8 128 128 128 128, 'duration':0.5746722221374512
'cmd':0 0 8 128 255 128 128, 'duration':0.13668584823608398
'cmd':0 0 8 128 128 128 128, 'duration':1.1595969200134277
'cmd':0 4 8 128 128 128 128, 'duration':0.15898680686950684
'cmd':0 0 8 128 128 128 128, 'duration':0.96683669090271
'cmd':0 4 8 128 128 128 128, 'duration':0.10060596466064453
'cmd':0 0 8 128 128 128 128, 'duration':0.5509891510009766
'cmd':0 4 8 128 128 128 128, 'duration':0.05297040939331055
'cmd':0 0 8 128 128 128 128, 'duration':0.12672638893127441
'cmd':0 4 8 128 128 128 128, 'duration':0.10002660751342773
'cmd':0 0 8 128 128 128 128, 'duration':0.07280969619750977
'cmd':0 4 8 128 128 128 128, 'duration':0.07797431945800781
'cmd':0 0 8 128 128 128 128, 'duration':0.06778955459594727
'cmd':0 4 8 128 128 128 128, 'duration':0.08980369567871094
'cmd':0 0 8 128 128 128 128, 'duration':0.05116152763366699
'cmd':0 4 8 128 128 128 128, 'duration':0.0802907943725586
'cmd':0 0 8 128 128 128 128, 'duration':0.06247735023498535
'cmd':0 4 8 128 128 128 128, 'duration':0.07904291152954102
'cmd':0 0 8 128 128 128 128, 'duration':0.06244063377380371
'cmd':0 4 8 128 128 128 128, 'duration':0.07596945762634277
'cmd':0 0 8 128 128 128 128, 'duration':0.06849169731140137
'cmd':0 4 8 128 128 128 128, 'duration':0.06763362884521484
'cmd':0 0 8 128 128 128 128, 'duration':0.07597231864929199
'cmd':0 4 8 128 128 128 128, 'duration':0.07595372200012207
'cmd':0 0 8 128 128 128 128, 'duration':0.06263375282287598
'cmd':0 4 8 128 128 128 128, 'duration':0.08096957206726074
'cmd':0 0 8 128 128 128 128, 'duration':0.06050395965576172
'cmd':0 4 8 128 128 128 128, 'duration':0.08982467651367188
'cmd':0 0 8 128 128 128 128, 'duration':0.04745316505432129
'cmd':0 4 8 128 128 128 128, 'duration':0.08960461616516113
'cmd':0 0 8 128 128 128 128, 'duration':0.07091736793518066
'cmd':0 4 8 128 128 128 128, 'duration':0.07977652549743652
'cmd':0 0 8 128 128 128 128, 'duration':0.05920147895812988
'cmd':0 4 8 128 128 128 128, 'duration':0.0950014591217041
'cmd':0 0 8 128 128 128 128, 'duration':0.06203460693359375
'cmd':0 4 8 128 128 128 128, 'duration':0.06820988655090332
'cmd':0 0 8 128 128 128 128, 'duration':0.07579493522644043
'cmd':0 4 8 128 128 128 128, 'duration':0.24427175521850586
'cmd':0 0 8 128 128 128 128, 'duration':0.13225865364074707
'cmd':0 4 8 128 128 128 128, 'duration':0.0711982250213623
'cmd':0 0 8 128 128 128 128, 'duration':0.09010839462280273
'cmd':0 4 8 128 128 128 128, 'duration':0.07330656051635742
'cmd':0 0 8 128 128 128 128, 'duration':0.06941390037536621
'cmd':0 4 8 128 128 128 128, 'duration':0.10226869583129883
'cmd':0 0 8 128 128 128 128, 'duration':0.07025599479675293
'cmd':0 4 8 128 128 128 128, 'duration':0.08614516258239746
'cmd':0 0 8 128 128 128 128, 'duration':0.3599224090576172
'cmd':0 2 8 128 128 128 128, 'duration':0.11317634582519531
'cmd':0 0 8 128 128 128 128, 'duration':0.06220817565917969
'cmd':0 2 8 128 128 128 128, 'duration':0.1032559871673584
'cmd':0 0 8 128 128 128 128, 'duration':0.0653386116027832
'cmd':0 2 8 128 128 128 128, 'duration':0.08289813995361328
'cmd':0 0 8 128 128 128 128, 'duration':0.06651830673217773
'cmd':0 2 8 128 128 128 128, 'duration':0.0942995548248291
'cmd':0 0 8 128 128 128 128, 'duration':0.06172013282775879
'cmd':0 2 8 128 128 128 128, 'duration':0.09163880348205566
'cmd':0 0 8 128 128 128 128, 'duration':0.06259441375732422
'cmd':0 2 8 128 128 128 128, 'duration':0.09364032745361328
'cmd':0 0 8 128 128 128 128, 'duration':0.06110119819641113
'cmd':0 2 8 128 128 128 128, 'duration':0.09046387672424316
'cmd':0 0 8 128 128 128 128, 'duration':0.06119728088378906
'cmd':0 2 8 128 128 128 128, 'duration':0.08012199401855469
'cmd':0 0 8 128 128 128 128, 'duration':0.07097864151000977
'cmd':0 2 8 128 128 128 128, 'duration':0.07894563674926758
'cmd':0 0 8 128 128 128 128, 'duration':0.06003379821777344
'cmd':0 2 8 128 128 128 128, 'duration':0.08515715599060059
'cmd':0 0 8 128 128 128 128, 'duration':0.05801725387573242
'cmd':0 2 8 128 128 128 128, 'duration':0.0928492546081543
'cmd':0 0 8 128 128 128 128, 'duration':0.06337165832519531
'cmd':0 2 8 128 128 128 128, 'duration':0.09499669075012207
'cmd':0 0 8 128 128 128 128, 'duration':0.06822419166564941
'cmd':0 2 8 128 128 128 128, 'duration':0.07932019233703613
'cmd':0 0 8 128 128 128 128, 'duration':0.05954718589782715
'cmd':0 2 8 128 128 128 128, 'duration':0.0914919376373291
'cmd':0 0 8 128 128 128 128, 'duration':0.0667273998260498
'cmd':0 2 8 128 128 128 128, 'duration':0.08917522430419922
'cmd':0 0 8 128 128 128 128, 'duration':0.06235861778259277
'cmd':0 2 8 128 128 128 128, 'duration':0.10573387145996094
'cmd':0 0 8 128 128 128 128, 'duration':0.06121039390563965
'cmd':0 2 8 128 128 128 128, 'duration':0.0801687240600586
'cmd':0 0 8 128 128 128 128, 'duration':0.060698509216308594
'cmd':0 2 8 128 128 128 128, 'duration':0.09813904762268066
'cmd':0 0 8 128 128 128 128, 'duration':0.07170867919921875
'cmd':0 2 8 128 128 128 128, 'duration':0.11043643951416016
'cmd':0 0 8 128 128 128 128, 'duration':0.035204172134399414
'cmd':0 2 8 128 128 128 128, 'duration':0.0945732593536377
'cmd':0 0 8 128 128 128 128, 'duration':0.06273269653320312
'cmd':0 2 8 128 128 128 128, 'duration':0.0885932445526123
'cmd':0 0 8 128 128 128 128, 'duration':0.06450200080871582
'cmd':0 2 8 128 128 128 128, 'duration':0.1153256893157959
'cmd':0 0 8 128 128 128 128, 'duration':0.058277130126953125
'cmd':0 2 8 128 128 128 128, 'duration':0.09793734550476074
'cmd':0 0 8 128 128 128 128, 'duration':0.06554436683654785
'cmd':0 2 8 128 128 128 128, 'duration':0.09517264366149902
'cmd':0 0 8 128 128 128 128, 'duration':0.055040597915649414
'cmd':0 2 8 128 128 128 128, 'duration':0.12954020500183105
'cmd':0 0 8 128 128 128 128, 'duration':0.036672353744506836
'cmd':0 2 8 128 128 128 128, 'duration':0.09582877159118652
'cmd':0 0 8 128 128 128 128, 'duration':0.05833697319030762
'cmd':0 2 8 128 128 128 128, 'duration':0.09072184562683105
'cmd':0 0 8 128 128 128 128, 'duration':0.07053589820861816
'cmd':0 2 8 128 128 128 128, 'duration':0.08519530296325684
'cmd':0 0 8 128 128 128 128, 'duration':0.06848931312561035
'cmd':0 2 8 128 128 128 128, 'duration':0.0926353931427002
'cmd':0 0 8 128 128 128 128, 'duration':0.0652315616607666
'cmd':0 2 8 128 128 128 128, 'duration':0.1023406982421875
'cmd':0 0 8 128 128 128 128, 'duration':0.060654401779174805
'cmd':0 2 8 128 128 128 128, 'duration':0.08697390556335449
'cmd':0 0 8 128 128 128 128, 'duration':0.07786059379577637
'cmd':0 2 8 128 128 128 128, 'duration':0.07848119735717773
'cmd':0 0 8 128 128 128 128, 'duration':0.08070826530456543
'cmd':0 2 8 128 128 128 128, 'duration':0.08499765396118164
'cmd':0 0 8 128 128 128 128, 'duration':0.06530451774597168
'cmd':0 2 8 128 128 128 128, 'duration':0.07822537422180176
'cmd':0 0 8 128 128 128 128, 'duration':0.07099628448486328
'cmd':0 2 8 128 128 128 128, 'duration':0.07855916023254395
'cmd':0 0 8 128 128 128 128, 'duration':0.07996749877929688
'cmd':0 2 8 128 128 128 128, 'duration':0.08702826499938965
'cmd':0 0 8 128 128 128 128, 'duration':0.06720590591430664
'cmd':0 2 8 128 128 128 128, 'duration':0.10046195983886719
'cmd':0 0 8 128 128 128 128, 'duration':0.09095239639282227
'cmd':0 2 8 128 128 128 128, 'duration':0.07038378715515137
'cmd':0 0 8 128 128 128 128, 'duration':0.06635522842407227
'cmd':0 2 8 128 128 128 128, 'duration':0.09429526329040527
'cmd':0 0 8 128 128 128 128, 'duration':0.0719766616821289
'cmd':0 2 8 128 128 128 128, 'duration':0.09041261672973633
'cmd':0 0 8 128 128 128 128, 'duration':0.08097720146179199
'cmd':0 2 8 128 128 128 128, 'duration':0.08756184577941895
'cmd':0 0 8 128 128 128 128, 'duration':0.06532931327819824
'cmd':0 2 8 128 128 128 128, 'duration':0.10525751113891602
'cmd':0 0 8 128 128 128 128, 'duration':0.060567617416381836
'cmd':0 2 8 128 128 128 128, 'duration':0.09760189056396484
'cmd':0 0 8 128 128 128 128, 'duration':0.06969666481018066
'cmd':0 2 8 128 128 128 128, 'duration':0.08638572692871094
'cmd':0 0 8 128 128 128 128, 'duration':0.061177968978881836
'cmd':0 2 8 128 128 128 128, 'duration':0.09661555290222168
'cmd':0 0 8 128 128 128 128, 'duration':0.06544280052185059
'cmd':0 2 8 128 128 128 128, 'duration':0.10983896255493164
'cmd':0 0 8 128 128 128 128, 'duration':0.0607147216796875
'cmd':0 2 8 128 128 128 128, 'duration':0.09820818901062012
'cmd':0 0 8 128 128 128 128, 'duration':0.06302118301391602
'cmd':0 2 8 128 128 128 128, 'duration':0.07107424736022949
