'cmd':0 0 8 128 128 128 128, 'duration':1.2215611934661865
'cmd':0 0 8 255 128 128 128, 'duration':0.4063997268676758
'cmd':0 0 8 128 128 128 128, 'duration':0.2692716121673584
'cmd':0 0 8 128 255 128 128, 'duration':1.4482312202453613
'cmd':0 0 8 128 128 128 128, 'duration':3.6466872692108154
'cmd':0 8 8 128 128 128 128, 'duration':0.1046440601348877
'cmd':0 0 8 128 128 128 128, 'duration':0.7305569648742676
'cmd':0 4 8 128 128 128 128, 'duration':0.1266312599182129
'cmd':0 0 8 128 128 128 128, 'duration':2.3860325813293457
'cmd':0 0 8 128 255 128 128, 'duration':0.17900395393371582
'cmd':0 0 8 128 128 128 128, 'duration':0.28581786155700684
'cmd':0 4 8 128 128 128 128, 'duration':0.1342926025390625
'cmd':0 0 8 128 128 128 128, 'duration':0.5868003368377686
'cmd':0 4 8 128 128 128 128, 'duration':0.12679314613342285
'cmd':0 0 8 128 128 128 128, 'duration':6.84180760383606
'cmd':0 0 8 128 128 255 128, 'duration':0.7352628326416016
'cmd':0 0 8 128 128 128 128, 'duration':0.38061952590942383
'cmd':0 0 8 128 128 255 128, 'duration':0.11425399780273438
'cmd':0 0 8 128 1 128 128, 'duration':0.655590295791626
'cmd':1 0 8 128 128 128 128, 'duration':0.0828084945678711
'cmd':0 0 8 128 128 128 128, 'duration':0.41425347328186035
'cmd':0 0 8 128 1 128 128, 'duration':0.7776772975921631
'cmd':0 0 8 128 1 128 128, 'duration':0.6570026874542236
'cmd':0 0 8 128 1 128 128, 'duration':0.4691004753112793
'cmd':0 0 8 128 1 128 128, 'duration':2.477236032485962
'cmd':0 0 8 128 128 128 128, 'duration':0.2743411064147949
'cmd':0 4 8 128 128 128 128, 'duration':0.15748810768127441
'cmd':0 0 8 128 128 128 128, 'duration':0.37938404083251953
'cmd':0 4 8 128 128 128 128, 'duration':0.1204679012298584
'cmd':0 0 8 128 128 128 128, 'duration':0.2831728458404541
'cmd':0 4 8 128 128 128 128, 'duration':0.09109258651733398
'cmd':0 0 8 128 128 128 128, 'duration':1.1898086071014404
'cmd':0 4 8 128 128 128 128, 'duration':0.09698891639709473
'cmd':0 0 8 128 128 128 128, 'duration':3.220668077468872
'cmd':16 0 8 128 128 128 128, 'duration':0.0947883129119873
'cmd':0 0 8 128 128 128 128, 'duration':0.6737115383148193
'cmd':0 0 8 128 255 128 128, 'duration':0.13024616241455078
'cmd':0 0 8 128 128 128 128, 'duration':0.09691929817199707
'cmd':0 0 8 255 128 128 128, 'duration':0.6294920444488525
'cmd':0 0 8 128 128 128 128, 'duration':0.07337284088134766
'cmd':0 0 8 1 128 128 128, 'duration':0.12190127372741699
'cmd':0 0 8 128 128 128 128, 'duration':0.09208011627197266
'cmd':0 4 8 128 128 128 128, 'duration':0.10812902450561523
'cmd':0 0 8 128 128 128 128, 'duration':0.33842039108276367
'cmd':0 0 8 128 255 128 128, 'duration':1.8725051879882812
'cmd':0 0 8 128 128 128 128, 'duration':0.24981999397277832
'cmd':0 4 8 128 128 128 128, 'duration':0.1040041446685791
'cmd':0 0 8 128 128 128 128, 'duration':0.174957275390625
'cmd':0 0 8 128 255 128 128, 'duration':0.0916440486907959
'cmd':0 0 8 128 128 128 128, 'duration':0.0649423599243164
'cmd':0 0 8 128 255 128 128, 'duration':0.07497787475585938
'cmd':0 0 8 128 128 128 128, 'duration':0.06383752822875977
'cmd':0 0 8 128 255 128 128, 'duration':0.07194375991821289
'cmd':0 0 8 128 128 128 128, 'duration':0.07317566871643066
'cmd':0 0 8 128 255 128 128, 'duration':0.08090615272521973
'cmd':0 0 8 128 128 128 128, 'duration':0.343031644821167
'cmd':0 4 8 128 128 128 128, 'duration':0.09385490417480469
'cmd':0 0 8 128 128 128 128, 'duration':1.6566650867462158
'cmd':0 0 8 128 255 128 128, 'duration':0.09721994400024414
'cmd':0 0 8 128 128 128 128, 'duration':0.07215309143066406
'cmd':0 0 8 128 255 128 128, 'duration':0.0800926685333252
'cmd':0 0 8 128 128 128 128, 'duration':0.21637868881225586
'cmd':0 4 8 128 128 128 128, 'duration':0.08678722381591797
'cmd':0 0 8 128 128 128 128, 'duration':0.2865712642669678
'cmd':0 0 8 255 128 128 128, 'duration':0.10556626319885254
'cmd':0 0 8 128 128 128 128, 'duration':0.08968734741210938
'cmd':0 0 8 255 128 128 128, 'duration':0.08756756782531738
'cmd':0 0 8 128 128 128 128, 'duration':0.3470771312713623
'cmd':0 0 8 128 1 128 128, 'duration':0.12732386589050293
'cmd':0 0 8 128 128 128 128, 'duration':0.20708274841308594
'cmd':0 4 8 128 128 128 128, 'duration':0.08802032470703125
'cmd':0 0 8 128 128 128 128, 'duration':0.05697798728942871
'cmd':0 4 8 128 128 128 128, 'duration':0.07900261878967285
'cmd':0 0 8 128 128 128 128, 'duration':0.06802225112915039
'cmd':0 4 8 128 128 128 128, 'duration':0.07300591468811035
'cmd':0 0 8 128 128 128 128, 'duration':0.06596899032592773
'cmd':0 4 8 128 128 128 128, 'duration':0.07600235939025879
'cmd':0 0 8 128 128 128 128, 'duration':0.6832849979400635
'cmd':16 0 8 128 128 128 128, 'duration':0.07580351829528809
'cmd':0 0 8 128 128 128 128, 'duration':1.1124498844146729
'cmd':16 0 8 128 128 128 128, 'duration':0.11035513877868652
'cmd':0 0 8 128 128 128 128, 'duration':1.2974660396575928
'cmd':0 2 8 128 128 128 128, 'duration':0.10135197639465332
'cmd':0 0 8 128 128 128 128, 'duration':0.8171851634979248
'cmd':0 4 8 128 128 128 128, 'duration':0.09345793724060059
'cmd':0 0 8 128 128 128 128, 'duration':3.026501178741455
'cmd':0 8 8 128 128 128 128, 'duration':0.19421775817871094
'cmd':0 0 8 128 128 128 128, 'duration':1.193983554840088
'cmd':0 0 8 255 128 128 128, 'duration':0.07307004928588867
'cmd':0 0 8 128 128 128 128, 'duration':0.23981475830078125
'cmd':0 0 8 1 128 128 128, 'duration':0.15780258178710938
'cmd':0 0 8 128 128 128 128, 'duration':0.02906203269958496
'cmd':0 4 8 128 128 128 128, 'duration':0.13793373107910156
'cmd':0 0 8 128 128 128 128, 'duration':2.7194995880126953
'cmd':0 0 8 128 1 128 128, 'duration':0.17249679565429688
'cmd':0 0 8 128 128 128 128, 'duration':0.2631950378417969
'cmd':0 4 8 128 128 128 128, 'duration':0.13113737106323242
'cmd':0 0 8 128 128 128 128, 'duration':0.5305755138397217
'cmd':0 4 8 128 128 128 128, 'duration':0.11439061164855957
'cmd':0 0 8 128 128 128 128, 'duration':10.292605876922607
'cmd':1 0 8 128 128 128 128, 'duration':0.10190200805664062
'cmd':0 0 8 128 128 128 128, 'duration':0.49179768562316895
'cmd':0 0 8 128 1 128 128, 'duration':4.013211727142334
'cmd':0 0 8 128 128 128 128, 'duration':0.26496291160583496
'cmd':0 0 8 1 128 128 128, 'duration':0.3771336078643799
'cmd':0 0 8 128 128 128 128, 'duration':0.22635626792907715
'cmd':0 4 8 128 128 128 128, 'duration':0.1285851001739502
'cmd':0 0 8 128 128 128 128, 'duration':0.46125292778015137
'cmd':0 4 8 128 128 128 128, 'duration':0.13400745391845703
'cmd':0 0 8 128 128 128 128, 'duration':0.894845724105835
'cmd':0 0 8 128 255 128 128, 'duration':0.11481142044067383
'cmd':0 0 8 128 128 128 128, 'duration':0.207688570022583
'cmd':0 4 8 128 128 128 128, 'duration':0.10167074203491211
'cmd':0 0 8 128 128 128 128, 'duration':0.09903907775878906
'cmd':0 4 8 128 128 128 128, 'duration':0.08423686027526855
'cmd':0 0 8 128 128 128 128, 'duration':0.10863232612609863
'cmd':0 4 8 128 128 128 128, 'duration':0.07234692573547363
'cmd':0 0 8 128 128 128 128, 'duration':0.0857691764831543
'cmd':0 4 8 128 128 128 128, 'duration':0.07190465927124023
'cmd':0 0 8 128 128 128 128, 'duration':0.08298659324645996
'cmd':0 4 8 128 128 128 128, 'duration':0.07309150695800781
'cmd':0 0 8 128 128 128 128, 'duration':0.07547688484191895
'cmd':0 4 8 128 128 128 128, 'duration':0.07215118408203125
'cmd':0 0 8 128 128 128 128, 'duration':0.07351231575012207
'cmd':0 4 8 128 128 128 128, 'duration':0.0898900032043457
'cmd':0 0 8 128 128 128 128, 'duration':0.061583757400512695
'cmd':0 4 8 128 128 128 128, 'duration':0.08449435234069824
'cmd':0 0 8 128 128 128 128, 'duration':0.05791354179382324
'cmd':0 4 8 128 128 128 128, 'duration':0.09501194953918457
'cmd':0 0 8 128 128 128 128, 'duration':0.06134939193725586
'cmd':0 4 8 128 128 128 128, 'duration':0.10105538368225098
'cmd':0 0 8 128 128 128 128, 'duration':0.32334089279174805
'cmd':0 4 8 128 128 128 128, 'duration':0.1154627799987793
'cmd':0 0 8 128 128 128 128, 'duration':1.15769624710083
'cmd':0 4 8 128 128 128 128, 'duration':0.12823486328125
'cmd':0 0 8 128 128 128 128, 'duration':0.6609668731689453
'cmd':0 4 8 128 128 128 128, 'duration':0.12943243980407715
'cmd':0 0 8 128 128 128 128, 'duration':1.0222325325012207
'cmd':0 4 8 128 128 128 128, 'duration':0.10001325607299805
'cmd':0 0 8 128 128 128 128, 'duration':0.4516129493713379
'cmd':0 4 8 128 128 128 128, 'duration':0.10441255569458008
'cmd':0 0 8 128 128 128 128, 'duration':0.4447605609893799
'cmd':0 4 8 128 128 128 128, 'duration':0.09946393966674805
'cmd':0 0 8 128 128 128 128, 'duration':2.6011204719543457
'cmd':0 4 8 128 128 128 128, 'duration':0.12300920486450195
'cmd':0 0 8 128 128 128 128, 'duration':0.5261785984039307
'cmd':0 4 8 128 128 128 128, 'duration':0.10727500915527344
'cmd':0 0 8 128 128 128 128, 'duration':0.5278751850128174
'cmd':0 4 8 128 128 128 128, 'duration':0.10327601432800293
'cmd':0 0 8 128 128 128 128, 'duration':0.4630396366119385
'cmd':0 4 8 128 128 128 128, 'duration':0.14243030548095703
'cmd':0 0 8 128 128 128 128, 'duration':0.37902235984802246
'cmd':0 4 8 128 128 128 128, 'duration':0.11499309539794922
'cmd':0 0 8 128 128 128 128, 'duration':0.6542859077453613
'cmd':0 4 8 128 128 128 128, 'duration':0.10263824462890625
'cmd':0 0 8 128 128 128 128, 'duration':1.7577054500579834
'cmd':0 4 8 128 128 128 128, 'duration':0.1186378002166748
'cmd':0 0 8 128 128 128 128, 'duration':0.4335463047027588
'cmd':0 4 8 128 128 128 128, 'duration':0.09879875183105469
'cmd':0 0 8 128 128 128 128, 'duration':0.6883981227874756
'cmd':0 4 8 128 128 128 128, 'duration':0.1040036678314209
'cmd':0 0 8 128 128 128 128, 'duration':0.7809872627258301
'cmd':0 4 8 128 128 128 128, 'duration':0.1286334991455078
'cmd':0 0 8 128 128 128 128, 'duration':0.4931156635284424
'cmd':0 4 8 128 128 128 128, 'duration':0.1065359115600586
'cmd':0 0 8 128 128 128 128, 'duration':1.046050786972046
'cmd':0 0 8 128 255 128 128, 'duration':0.10570335388183594
'cmd':0 0 8 128 128 128 128, 'duration':0.06725430488586426
'cmd':0 0 8 128 255 128 128, 'duration':0.13182473182678223
'cmd':0 0 8 128 128 128 128, 'duration':0.10323667526245117
'cmd':0 4 8 128 128 128 128, 'duration':0.10495805740356445
'cmd':0 0 8 128 128 128 128, 'duration':3.0912578105926514
'cmd':0 4 8 128 128 128 128, 'duration':0.10770893096923828
'cmd':0 0 8 128 128 128 128, 'duration':0.7260942459106445
'cmd':0 4 8 128 128 128 128, 'duration':0.10899209976196289
'cmd':0 0 8 128 128 128 128, 'duration':12.923875093460083
'cmd':0 2 8 128 128 128 128, 'duration':0.11978650093078613
'cmd':0 0 8 128 128 128 128, 'duration':0.34299278259277344
'cmd':0 2 8 128 128 128 128, 'duration':0.13138198852539062
'cmd':0 0 8 128 128 128 128, 'duration':0.5700371265411377
'cmd':0 2 8 128 128 128 128, 'duration':0.1306142807006836
'cmd':0 0 8 128 128 128 128, 'duration':1.9747529029846191
'cmd':0 2 8 128 128 128 128, 'duration':0.1259925365447998
'cmd':0 0 8 128 128 128 128, 'duration':0.2607715129852295
'cmd':0 2 8 128 128 128 128, 'duration':0.15684795379638672
'cmd':0 0 8 128 128 128 128, 'duration':0.25885486602783203
'cmd':0 2 8 128 128 128 128, 'duration':0.15610671043395996
'cmd':0 0 8 128 128 128 128, 'duration':0.4046146869659424
'cmd':0 2 8 128 128 128 128, 'duration':0.1151285171508789
'cmd':0 0 8 128 128 128 128, 'duration':0.3467671871185303
'cmd':0 2 8 128 128 128 128, 'duration':0.1290905475616455
'cmd':0 0 8 128 128 128 128, 'duration':2.619817018508911
'cmd':0 4 8 128 128 128 128, 'duration':0.10858964920043945
'cmd':0 0 8 128 128 128 128, 'duration':0.8389356136322021
'cmd':0 4 8 128 128 128 128, 'duration':0.11853218078613281
'cmd':0 0 8 128 128 128 128, 'duration':0.8815081119537354
'cmd':0 4 8 128 128 128 128, 'duration':0.11353731155395508
'cmd':0 0 8 128 128 128 128, 'duration':1.7111451625823975
'cmd':0 8 8 128 128 128 128, 'duration':0.11712002754211426
'cmd':0 0 8 128 128 128 128, 'duration':0.895845890045166
'cmd':0 2 8 128 128 128 128, 'duration':0.1281895637512207
'cmd':0 0 8 128 128 128 128, 'duration':2.1463541984558105
'cmd':0 4 8 128 128 128 128, 'duration':0.11484622955322266
'cmd':0 0 8 128 128 128 128, 'duration':0.9203488826751709
'cmd':0 4 8 128 128 128 128, 'duration':0.11315035820007324
'cmd':0 0 8 128 128 128 128, 'duration':9.673263549804688
'cmd':0 4 8 128 128 128 128, 'duration':0.1168527603149414
'cmd':0 0 8 128 128 128 128, 'duration':0.48868799209594727
'cmd':0 4 8 128 128 128 128, 'duration':0.12942099571228027
'cmd':0 0 8 128 128 128 128, 'duration':0.803835391998291
'cmd':0 2 8 128 128 128 128, 'duration':0.12971735000610352
'cmd':0 0 8 128 128 128 128, 'duration':0.9445164203643799
'cmd':0 2 8 128 128 128 128, 'duration':0.11183547973632812
'cmd':0 0 8 128 128 128 128, 'duration':1.144453763961792
'cmd':0 2 8 128 128 128 128, 'duration':0.14003396034240723
'cmd':0 0 8 128 128 128 128, 'duration':0.26099133491516113
'cmd':0 2 8 128 128 128 128, 'duration':0.10901045799255371
'cmd':0 0 8 128 128 128 128, 'duration':0.14296674728393555
'cmd':0 2 8 128 128 128 128, 'duration':0.10548925399780273
'cmd':0 0 8 128 128 128 128, 'duration':0.14977645874023438
'cmd':0 2 8 128 128 128 128, 'duration':0.09868168830871582
'cmd':0 0 8 128 128 128 128, 'duration':0.1540062427520752
'cmd':0 2 8 128 128 128 128, 'duration':0.1153104305267334
'cmd':0 0 8 128 128 128 128, 'duration':0.14650201797485352
'cmd':0 2 8 128 128 128 128, 'duration':0.10941600799560547
