'cmd':0 0 8 128 128 128 128, 'duration':0.1
'cmd':0 0 0 128 128 128 128, 'duration':0.10709714889526367
'cmd':0 0 8 128 128 128 128, 'duration':0.1
'cmd':0 0 0 128 128 128 128, 'duration':0.0790717601776123
'cmd':0 0 8 128 128 128 128, 'duration':0.1
'cmd':0 0 0 128 128 128 128, 'duration':0.12010884284973145
'cmd':0 0 8 128 128 128 128, 'duration':0.1
'cmd':0 0 0 128 128 128 128, 'duration':0.09608721733093262
'cmd':0 0 8 128 128 128 128, 'duration':0.19
'cmd':0 32 8 128 128 128 128, 'duration':0.11910820007324219
