'cmd':0 0 8 128 128 128 128, 'duration':1.2183709144592285
'cmd':0 4 8 128 128 128 128, 'duration':0.11982440948486328
'cmd':0 0 8 128 128 128 128, 'duration':0.514404296875
'cmd':0 4 8 128 128 128 128, 'duration':0.10594940185546875
'cmd':0 0 8 128 128 128 128, 'duration':0.5746722221374512
'cmd':0 0 8 128 255 128 128, 'duration':0.13668584823608398
'cmd':0 0 8 128 128 128 128, 'duration':1.1595969200134277
'cmd':0 4 8 128 128 128 128, 'duration':0.15898680686950684
'cmd':0 0 8 128 128 128 128, 'duration':0.96683669090271
'cmd':0 4 8 128 128 128 128, 'duration':0.10060596466064453
'cmd':0 0 8 128 128 128 128, 'duration':0.5509891510009766
'cmd':0 4 8 128 128 128 128, 'duration':0.05297040939331055
'cmd':0 0 8 128 128 128 128, 'duration':0.12672638893127441
'cmd':0 4 8 128 128 128 128, 'duration':0.10002660751342773
'cmd':0 0 8 128 128 128 128, 'duration':0.07280969619750977
'cmd':0 4 8 128 128 128 128, 'duration':0.07797431945800781
'cmd':0 0 8 128 128 128 128, 'duration':0.06778955459594727
'cmd':0 4 8 128 128 128 128, 'duration':0.08980369567871094
'cmd':0 0 8 128 128 128 128, 'duration':0.05116152763366699
'cmd':0 4 8 128 128 128 128, 'duration':0.0802907943725586
'cmd':0 0 8 128 128 128 128, 'duration':0.06247735023498535
'cmd':0 4 8 128 128 128 128, 'duration':0.07904291152954102
'cmd':0 0 8 128 128 128 128, 'duration':0.06244063377380371
'cmd':0 4 8 128 128 128 128, 'duration':0.07596945762634277
'cmd':0 0 8 128 128 128 128, 'duration':0.06849169731140137
'cmd':0 4 8 128 128 128 128, 'duration':0.06763362884521484
'cmd':0 0 8 128 128 128 128, 'duration':0.07597231864929199
'cmd':0 4 8 128 128 128 128, 'duration':0.07595372200012207
'cmd':0 0 8 128 128 128 128, 'duration':0.06263375282287598
'cmd':0 4 8 128 128 128 128, 'duration':0.08096957206726074
'cmd':0 0 8 128 128 128 128, 'duration':0.06050395965576172
'cmd':0 4 8 128 128 128 128, 'duration':0.08982467651367188
'cmd':0 0 8 128 128 128 128, 'duration':0.04745316505432129
'cmd':0 4 8 128 128 128 128, 'duration':0.08960461616516113
'cmd':0 0 8 128 128 128 128, 'duration':0.07091736793518066
'cmd':0 4 8 128 128 128 128, 'duration':0.07977652549743652
'cmd':0 0 8 128 128 128 128, 'duration':0.05920147895812988
'cmd':0 4 8 128 128 128 128, 'duration':0.0950014591217041
'cmd':0 0 8 128 128 128 128, 'duration':0.06203460693359375
'cmd':0 4 8 128 128 128 128, 'duration':0.06820988655090332
'cmd':0 0 8 128 128 128 128, 'duration':0.07579493522644043
'cmd':0 4 8 128 128 128 128, 'duration':0.24427175521850586
'cmd':0 0 8 128 128 128 128, 'duration':0.13225865364074707
'cmd':0 4 8 128 128 128 128, 'duration':0.0711982250213623
'cmd':0 0 8 128 128 128 128, 'duration':0.09010839462280273
'cmd':0 4 8 128 128 128 128, 'duration':0.07330656051635742
'cmd':0 0 8 128 128 128 128, 'duration':0.06941390037536621
'cmd':0 4 8 128 128 128 128, 'duration':0.10226869583129883
'cmd':0 0 8 128 128 128 128, 'duration':0.07025599479675293
'cmd':0 4 8 128 128 128 128, 'duration':0.08614516258239746
'cmd':0 0 8 128 128 128 128, 'duration':0.3599224090576172
'cmd':0 2 8 128 128 128 128, 'duration':0.11317634582519531
'cmd':0 0 8 128 128 128 128, 'duration':0.06220817565917969
'cmd':0 2 8 128 128 128 128, 'duration':0.1032559871673584
'cmd':0 0 8 128 128 128 128, 'duration':0.0653386116027832
'cmd':0 2 8 128 128 128 128, 'duration':0.08289813995361328
'cmd':0 0 8 128 128 128 128, 'duration':0.06651830673217773
'cmd':0 2 8 128 128 128 128, 'duration':0.0942995548248291
'cmd':0 0 8 128 128 128 128, 'duration':0.06172013282775879
'cmd':0 2 8 128 128 128 128, 'duration':0.09163880348205566
'cmd':0 0 8 128 128 128 128, 'duration':0.06259441375732422
'cmd':0 2 8 128 128 128 128, 'duration':0.09364032745361328
'cmd':0 0 8 128 128 128 128, 'duration':0.06110119819641113
'cmd':0 2 8 128 128 128 128, 'duration':0.09046387672424316
'cmd':0 0 8 128 128 128 128, 'duration':0.06119728088378906
'cmd':0 2 8 128 128 128 128, 'duration':0.08012199401855469
'cmd':0 0 8 128 128 128 128, 'duration':0.07097864151000977
'cmd':0 2 8 128 128 128 128, 'duration':0.07894563674926758
'cmd':0 0 8 128 128 128 128, 'duration':0.06003379821777344
'cmd':0 2 8 128 128 128 128, 'duration':0.08515715599060059
'cmd':0 0 8 128 128 128 128, 'duration':0.05801725387573242
'cmd':0 2 8 128 128 128 128, 'duration':0.0928492546081543
'cmd':0 0 8 128 128 128 128, 'duration':0.06337165832519531
'cmd':0 2 8 128 128 128 128, 'duration':0.09499669075012207
'cmd':0 0 8 128 128 128 128, 'duration':0.06822419166564941
'cmd':0 2 8 128 128 128 128, 'duration':0.07932019233703613
'cmd':0 0 8 128 128 128 128, 'duration':0.05954718589782715
'cmd':0 2 8 128 128 128 128, 'duration':0.0914919376373291
'cmd':0 0 8 128 128 128 128, 'duration':0.0667273998260498
'cmd':0 2 8 128 128 128 128, 'duration':0.08917522430419922
'cmd':0 0 8 128 128 128 128, 'duration':0.06235861778259277
'cmd':0 2 8 128 128 128 128, 'duration':0.10573387145996094
'cmd':0 0 8 128 128 128 128, 'duration':0.06121039390563965
'cmd':0 2 8 128 128 128 128, 'duration':0.0801687240600586
'cmd':0 0 8 128 128 128 128, 'duration':0.060698509216308594
'cmd':0 2 8 128 128 128 128, 'duration':0.09813904762268066
'cmd':0 0 8 128 128 128 128, 'duration':0.07170867919921875
'cmd':0 2 8 128 128 128 128, 'duration':0.11043643951416016
'cmd':0 0 8 128 128 128 128, 'duration':0.035204172134399414
'cmd':0 2 8 128 128 128 128, 'duration':0.0945732593536377
'cmd':0 0 8 128 128 128 128, 'duration':0.06273269653320312
'cmd':0 2 8 128 128 128 128, 'duration':0.0885932445526123
'cmd':0 0 8 128 128 128 128, 'duration':0.06450200080871582
'cmd':0 2 8 128 128 128 128, 'duration':0.1153256893157959
'cmd':0 0 8 128 128 128 128, 'duration':0.058277130126953125
'cmd':0 2 8 128 128 128 128, 'duration':0.09793734550476074
'cmd':0 0 8 128 128 128 128, 'duration':0.06554436683654785
'cmd':0 2 8 128 128 128 128, 'duration':0.09517264366149902
'cmd':0 0 8 128 128 128 128, 'duration':0.055040597915649414
'cmd':0 2 8 128 128 128 128, 'duration':0.12954020500183105
'cmd':0 0 8 128 128 128 128, 'duration':0.036672353744506836
'cmd':0 2 8 128 128 128 128, 'duration':0.09582877159118652
'cmd':0 0 8 128 128 128 128, 'duration':0.05833697319030762
'cmd':0 2 8 128 128 128 128, 'duration':0.09072184562683105
'cmd':0 0 8 128 128 128 128, 'duration':0.07053589820861816
'cmd':0 2 8 128 128 128 128, 'duration':0.08519530296325684
'cmd':0 0 8 128 128 128 128, 'duration':0.06848931312561035
'cmd':0 2 8 128 128 128 128, 'duration':0.0926353931427002
'cmd':0 0 8 128 128 128 128, 'duration':0.0652315616607666
'cmd':0 2 8 128 128 128 128, 'duration':0.1023406982421875
'cmd':0 0 8 128 128 128 128, 'duration':0.060654401779174805
'cmd':0 2 8 128 128 128 128, 'duration':0.08697390556335449
'cmd':0 0 8 128 128 128 128, 'duration':0.07786059379577637
'cmd':0 2 8 128 128 128 128, 'duration':0.07848119735717773
'cmd':0 0 8 128 128 128 128, 'duration':0.08070826530456543
'cmd':0 2 8 128 128 128 128, 'duration':0.08499765396118164
'cmd':0 0 8 128 128 128 128, 'duration':0.06530451774597168
'cmd':0 2 8 128 128 128 128, 'duration':0.07822537422180176
'cmd':0 0 8 128 128 128 128, 'duration':0.07099628448486328
'cmd':0 2 8 128 128 128 128, 'duration':0.07855916023254395
'cmd':0 0 8 128 128 128 128, 'duration':0.07996749877929688
'cmd':0 2 8 128 128 128 128, 'duration':0.08702826499938965
'cmd':0 0 8 128 128 128 128, 'duration':0.06720590591430664
'cmd':0 2 8 128 128 128 128, 'duration':0.10046195983886719
'cmd':0 0 8 128 128 128 128, 'duration':0.09095239639282227
'cmd':0 2 8 128 128 128 128, 'duration':0.07038378715515137
'cmd':0 0 8 128 128 128 128, 'duration':0.06635522842407227
'cmd':0 2 8 128 128 128 128, 'duration':0.09429526329040527
'cmd':0 0 8 128 128 128 128, 'duration':0.0719766616821289
'cmd':0 2 8 128 128 128 128, 'duration':0.09041261672973633
'cmd':0 0 8 128 128 128 128, 'duration':0.08097720146179199
'cmd':0 2 8 128 128 128 128, 'duration':0.08756184577941895
'cmd':0 0 8 128 128 128 128, 'duration':0.06532931327819824
'cmd':0 2 8 128 128 128 128, 'duration':0.10525751113891602
'cmd':0 0 8 128 128 128 128, 'duration':0.060567617416381836
'cmd':0 2 8 128 128 128 128, 'duration':0.09760189056396484
'cmd':0 0 8 128 128 128 128, 'duration':0.06969666481018066
'cmd':0 2 8 128 128 128 128, 'duration':0.08638572692871094
'cmd':0 0 8 128 128 128 128, 'duration':0.061177968978881836
'cmd':0 2 8 128 128 128 128, 'duration':0.09661555290222168
'cmd':0 0 8 128 128 128 128, 'duration':0.06544280052185059
'cmd':0 2 8 128 128 128 128, 'duration':0.10983896255493164
'cmd':0 0 8 128 128 128 128, 'duration':0.0607147216796875
'cmd':0 2 8 128 128 128 128, 'duration':0.09820818901062012
'cmd':0 0 8 128 128 128 128, 'duration':0.06302118301391602
'cmd':0 2 8 128 128 128 128, 'duration':0.07107424736022949
